application_1/map/GEBCO/gebco_2021_n51.5_s50.625_w-1.98_e-0.69.asc
ncols        309
nrows        210
xllcorner    -1.979166666667
yllcorner    50.625000000000
cellsize     0.004166666667
NODATA_value -32767
[rows 48 to 95 of 210, columns 96 to 191 of 309]
230 209 200 208 229 238 227 215 203 198 201 212 221 214 205 189 170 160 151 136 135 138 132 134 140 140 149 158 159 162 157 138 137 157 171 164 147 153 158 150 146 151 162 174 183 188 187 192 192 176 168 178 181 166 156 156 147 138 138 155 177 183 173 164 166 169 160 162 181 200 190 174 167 162 156 157 168 183 195 201 207 205 201 201 201 199 195 190 187 183 171 158 149 143 135 129
227 235 241 238 232 234 233 231 230 228 224 221 218 212 201 185 166 161 149 138 129 127 124 122 121 127 139 146 145 151 153 140 129 138 147 155 154 145 135 141 155 167 172 175 172 164 167 181 187 176 160 159 168 177 173 163 152 140 145 165 180 174 161 151 152 152 147 160 180 189 193 185 173 164 154 152 165 177 176 180 186 188 182 183 192 190 182 176 171 169 164 161 168 167 156 148
199 217 221 218 205 202 203 205 208 210 209 203 195 189 183 183 197 192 172 166 151 141 138 143 134 122 127 130 137 143 148 139 123 130 142 149 153 150 133 133 145 157 162 165 160 154 167 177 180 179 167 152 148 156 167 169 152 137 138 156 175 174 166 154 140 139 153 173 177 173 187 191 179 166 155 146 151 161 160 165 168 179 177 168 169 173 169 161 158 160 156 150 160 171 169 164
193 200 196 194 185 180 185 187 190 207 217 216 217 219 220 223 225 222 218 210 190 171 164 169 144 120 115 121 123 129 139 131 120 127 131 137 147 144 128 127 144 152 153 154 148 157 166 166 173 177 176 164 146 152 162 159 150 134 137 157 169 157 146 144 142 141 158 168 162 165 177 182 176 166 158 145 141 145 150 152 156 172 178 170 160 155 157 155 151 145 140 144 156 163 166 165
179 178 178 174 169 168 174 176 188 196 196 200 202 202 205 207 209 212 215 215 206 201 203 196 172 143 125 120 115 112 120 118 119 131 136 140 142 135 124 131 145 145 141 137 140 151 155 153 158 163 160 157 144 138 137 139 141 129 139 161 169 159 147 133 129 141 147 149 147 153 162 170 168 161 153 141 134 140 142 140 150 161 166 171 167 155 146 144 143 141 137 146 150 148 151 148
163 158 157 159 162 159 161 173 182 183 182 187 187 188 189 188 187 190 197 204 208 209 206 197 181 170 171 161 136 114 106 117 129 129 121 117 118 119 124 134 138 137 133 130 137 142 142 143 148 147 146 151 153 147 135 126 124 136 152 157 158 147 133 124 126 131 133 140 153 159 157 157 158 158 155 150 139 130 129 140 148 147 153 167 166 158 154 153 153 147 136 137 136 137 141 138
145 148 147 148 154 155 162 171 174 174 175 177 173 176 176 179 172 167 175 184 192 194 193 195 189 184 182 171 152 127 110 105 102 102 107 119 132 137 133 128 124 121 119 124 133 130 134 139 137 132 134 140 146 150 150 137 122 125 134 143 149 139 122 120 130 134 140 148 151 145 143 147 147 146 148 148 145 135 124 128 132 138 149 158 157 154 153 144 137 132 124 122 125 132 137 132
135 142 142 148 157 153 153 161 167 165 166 168 161 161 164 165 163 156 156 170 175 175 173 173 165 164 168 175 182 181 176 162 130 104 96 95 99 111 122 121 113 108 115 125 124 121 130 130 122 123 132 139 140 143 147 143 130 117 123 133 129 124 114 122 129 131 140 145 142 135 139 138 132 133 137 134 136 133 122 119 127 132 137 137 135 146 155 154 149 139 126 118 127 134 130 125
130 134 137 148 153 150 145 155 156 153 157 158 152 144 145 144 146 146 144 151 150 151 151 149 148 153 160 171 179 186 188 184 178 162 140 123 105 94 95 101 111 122 124 116 111 118 121 117 119 129 135 132 131 140 148 142 131 118 116 128 117 108 112 119 125 132 136 137 133 127 133 134 126 122 123 124 131 134 131 120 117 122 120 121 129 140 149 149 142 131 120 113 116 118 116 115
122 126 136 143 147 145 139 145 146 142 144 147 144 136 129 126 126 128 131 133 130 131 135 137 145 150 154 159 162 163 162 165 169 167 154 141 133 118 100 91 98 108 108 106 114 119 110 107 114 122 128 123 122 129 135 133 121 110 112 119 108 106 111 117 121 123 127 126 122 120 128 132 128 120 113 115 120 126 129 125 118 112 108 112 118 127 137 138 132 129 124 116 108 108 112 112
116 125 132 136 136 135 129 131 136 133 133 137 136 133 131 122 117 119 119 121 119 121 127 127 132 137 140 146 153 151 147 152 157 158 160 158 153 145 127 106 92 87 92 106 112 105 98 103 113 122 125 120 114 115 119 126 126 117 109 104 97 97 101 107 115 122 123 115 116 126 132 130 122 114 108 108 116 116 115 112 113 116 114 105 109 121 130 130 125 123 119 113 107 105 110 112
115 112 121 126 126 127 124 122 127 124 124 127 125 121 121 118 109 106 110 115 114 114 117 116 122 127 126 136 144 143 142 145 143 140 143 146 146 142 131 118 115 104 88 85 89 96 102 107 112 115 116 116 110 109 118 122 119 116 116 116 114 106 97 102 111 111 109 112 122 122 117 120 118 110 101 102 100 97 95 92 95 106 110 103 107 109 110 111 112 113 110 105 105 108 113 118
114 110 113 116 116 119 116 115 117 114 115 117 114 110 108 107 101 102 108 110 109 108 108 106 108 113 114 118 119 121 131 137 131 125 129 134 136 136 136 134 129 122 114 100 85 90 104 111 110 105 107 107 101 102 112 116 113 108 108 112 114 107 93 94 102 108 114 121 116 107 105 106 105 103 97 89 88 94 97 98 93 95 99 103 100 100 101 101 103 107 108 110 110 115 118 120
113 107 102 106 111 110 108 111 107 105 107 106 108 107 104 100 98 104 107 105 103 101 102 103 101 100 103 106 105 105 110 115 114 119 127 126 122 124 126 126 125 121 115 106 91 81 90 101 99 93 93 94 97 105 111 111 111 106 102 104 98 91 96 108 113 116 116 112 106 96 87 84 84 86 89 90 96 108 115 115 109 100 96 99 99 105 106 104 110 113 117 121 121 125 126 126
109 108 103 100 103 102 105 104 99 99 100 102 103 102 102 96 94 98 101 100 97 95 101 106 100 95 99 100 96 94 98 103 108 113 116 112 110 115 116 115 117 118 115 110 104 88 78 83 87 94 103 108 111 111 107 105 105 100 102 102 92 93 102 103 102 98 97 96 94 87 88 91 97 105 108 108 106 111 119 125 124 115 110 110 116 116 111 119 123 121 118 118 121 122 126 129
109 103 99 95 95 104 106 97 94 97 98 98 96 97 100 95 89 93 97 96 92 90 96 97 90 92 97 95 90 92 99 104 103 104 105 103 101 107 108 106 110 112 107 98 93 87 78 79 94 104 112 119 116 112 107 96 90 94 103 103 90 88 92 85 82 80 81 81 87 94 105 103 103 112 117 119 119 117 122 130 132 129 128 125 127 118 113 126 129 119 117 127 135 138 146 147
102 97 91 90 94 100 97 89 93 97 93 89 88 92 92 87 87 92 93 88 84 88 88 84 85 90 91 89 85 90 98 101 97 94 93 93 97 102 102 99 100 104 107 101 97 96 84 79 94 104 109 115 114 109 96 81 77 76 77 78 80 79 76 80 90 96 91 92 106 112 113 111 103 109 120 127 131 131 136 142 140 136 138 132 125 119 114 118 115 112 120 130 133 130 132 136
97 99 96 91 88 86 83 83 87 87 88 86 86 89 84 85 87 86 85 80 82 85 80 78 83 82 80 79 78 85 91 89 89 89 87 93 102 105 102 98 94 95 104 109 106 101 90 78 84 92 100 111 111 106 95 82 75 70 73 80 79 76 78 96 110 101 89 100 113 117 120 115 106 110 121 128 133 134 136 143 148 141 132 122 113 111 113 115 116 115 124 130 127 132 137 145
94 96 97 99 100 99 91 82 79 78 78 77 77 75 75 76 73 74 76 74 77 76 71 74 75 71 72 75 78 81 80 78 78 80 86 102 110 103 98 95 91 90 101 112 111 105 98 85 75 76 94 103 83 73 71 71 69 67 71 83 91 94 99 109 108 96 89 88 92 96 104 111 111 109 109 110 112 116 123 133 142 137 123 115 119 124 125 130 133 127 121 120 124 130 139 150
85 87 91 92 91 93 94 92 89 87 86 87 88 84 80 79 78 75 72 70 70 68 67 66 65 65 67 68 70 70 73 78 85 94 104 109 108 105 94 85 81 88 104 110 107 108 106 98 82 72 83 81 67 67 74 74 71 73 75 81 89 98 112 112 103 102 102 94 96 100 96 96 97 100 110 117 116 117 121 128 132 126 120 120 120 123 129 136 137 129 121 120 130 139 146 153
79 84 88 88 86 86 88 86 85 85 85 86 85 86 87 87 83 80 77 74 71 69 67 63 62 65 70 73 76 76 81 90 99 107 107 105 106 109 110 106 100 89 94 103 100 103 107 101 82 67 65 65 63 70 79 83 87 95 94 88 92 104 116 117 112 107 98 92 98 107 111 116 113 102 106 119 128 130 133 138 140 133 129 128 123 125 134 142 141 132 123 124 130 139 149 146
75 77 84 87 84 83 82 80 80 81 79 78 79 81 84 88 87 84 81 78 76 71 64 62 68 74 81 86 89 91 94 94 94 96 99 103 109 109 107 109 102 88 81 92 92 90 92 93 85 69 61 60 61 68 74 80 87 100 106 102 103 107 113 114 113 113 103 97 105 109 115 124 124 111 105 105 110 115 121 129 141 143 137 132 134 133 141 147 139 133 133 133 127 130 136 133
81 75 80 86 81 81 81 77 78 78 76 77 78 80 83 82 79 76 77 79 76 72 64 60 65 74 88 105 113 109 99 90 85 90 106 110 102 98 100 105 101 92 81 81 84 81 83 85 81 69 60 58 60 68 76 81 89 96 92 92 99 106 111 110 112 117 110 101 103 106 109 116 128 130 122 112 111 116 122 128 141 145 138 135 142 146 153 156 154 156 152 139 130 128 131 132
88 76 78 82 79 81 77 72 72 72 76 76 74 77 77 75 73 69 71 73 64 58 60 65 73 80 95 113 115 108 100 95 90 87 101 108 103 95 90 90 89 87 84 73 71 73 71 65 61 59 59 59 63 74 89 95 90 86 82 85 91 93 93 97 104 111 114 112 112 110 109 110 117 128 134 127 121 124 131 135 141 149 143 144 149 161 166 160 154 147 144 140 143 151 154 148
86 79 74 74 76 74 71 71 71 68 73 73 69 69 70 69 66 64 63 64 59 58 68 81 92 102 112 114 110 104 109 113 105 91 85 88 87 85 83 77 78 78 76 72 64 60 58 56 57 59 61 65 75 88 90 84 78 77 82 87 91 95 100 105 113 119 120 120 125 129 124 114 118 123 129 135 137 134 138 144 154 159 153 154 164 174 172 166 159 152 146 144 148 157 167 165
82 81 86 89 88 82 77 82 83 76 67 63 61 60 60 61 65 67 65 63 58 57 67 76 79 84 95 101 102 99 105 112 108 102 100 96 91 81 75 74 71 67 66 63 59 55 55 56 59 66 74 79 85 86 79 74 74 80 92 105 108 108 110 109 105 100 100 107 120 131 127 120 125 134 135 137 141 143 149 157 163 162 162 165 173 176 173 167 162 155 149 149 155 162 170 177
89 93 96 91 83 81 88 90 84 77 72 71 69 70 70 71 80 90 86 78 64 55 60 64 64 68 75 85 95 95 95 109 111 106 101 95 89 84 79 71 65 61 57 54 53 56 63 70 75 75 74 76 77 72 69 73 79 85 95 104 99 94 95 89 90 98 113 118 118 124 132 129 125 127 130 132 132 138 148 151 158 161 155 155 162 162 159 152 149 152 150 148 149 152 162 173
94 97 94 86 84 90 96 94 84 80 81 79 77 79 78 75 73 71 68 64 58 53 54 56 59 65 73 82 89 90 96 100 99 95 90 86 81 79 77 71 64 56 52 52 57 68 75 74 71 67 67 68 67 69 77 89 102 109 104 92 84 82 81 87 101 112 111 103 103 110 116 118 121 130 132 125 119 125 132 133 139 145 138 141 152 151 146 142 137 136 142 148 151 156 163 165
95 97 95 91 88 90 91 89 87 87 86 85 83 80 77 73 71 70 69 69 66 60 54 51 56 63 75 93 106 105 99 99 96 89 83 80 77 74 70 64 57 52 51 52 57 62 64 64 61 59 61 65 70 75 79 85 94 100 97 83 74 75 83 92 94 91 90 93 96 99 105 112 115 114 113 110 112 119 120 118 123 126 131 142 145 135 126 121 123 132 144 147 151 155 149 140
93 97 99 97 93 92 93 93 92 90 93 92 87 83 81 81 79 77 74 74 71 64 55 51 58 66 78 96 109 110 104 96 89 82 77 75 71 67 64 57 51 49 50 52 56 56 54 53 54 57 59 61 64 67 71 74 77 79 81 76 71 78 84 81 79 82 86 90 96 101 100 100 99 101 100 101 106 108 109 110 109 111 123 128 128 126 118 115 124 128 127 130 136 139 129 127
98 98 99 96 93 95 94 90 88 88 88 85 87 89 91 88 81 75 71 67 66 63 53 50 53 59 69 89 99 98 93 88 83 77 68 61 56 51 49 48 47 49 52 60 70 70 68 59 55 59 61 59 59 62 64 64 64 66 67 66 71 77 75 76 84 93 96 92 88 86 87 91 96 97 93 95 97 98 98 98 97 99 104 109 109 112 115 115 120 124 124 124 123 123 117 116
99 99 99 96 95 94 93 92 90 88 87 84 80 82 85 86 81 75 70 64 60 57 54 49 48 53 58 73 91 93 91 86 69 56 49 46 46 46 46 48 49 53 60 71 84 81 65 57 63 72 73 69 64 62 64 63 65 62 60 65 69 68 71 78 83 83 82 78 80 85 89 90 90 88 89 92 90 88 88 89 89 94 97 103 108 112 105 98 100 102 105 106 108 110 106 107
96 99 100 98 94 91 88 86 85 83 82 80 78 74 75 79 81 79 75 74 74 70 66 61 53 48 47 48 61 74 70 58 47 45 46 46 47 49 51 54 58 60 63 73 80 74 63 56 60 72 82 88 90 90 87 82 78 67 59 64 67 66 68 69 69 69 70 72 75 77 79 81 85 90 91 84 80 81 85 93 101 103 102 100 97 92 91 92 93 93 95 97 99 101 100 101
92 96 101 102 101 99 95 92 90 87 87 86 83 82 76 71 73 74 79 84 82 75 70 67 67 68 61 51 56 66 54 44 42 44 47 48 52 59 62 60 56 59 69 78 73 67 63 63 59 62 72 79 83 85 86 85 78 67 61 67 74 75 73 74 76 77 80 85 89 89 86 87 91 91 83 79 85 91 91 90 88 86 87 86 87 93 98 102 105 110 111 107 100 101 107 111
85 91 93 92 92 90 87 88 88 87 85 83 82 79 77 74 68 65 73 77 72 68 65 68 80 86 76 56 46 46 44 44 50 58 62 61 63 64 65 64 60 62 70 75 74 77 75 74 62 58 61 63 67 74 82 81 72 64 60 62 67 72 71 70 72 74 80 88 91 88 87 91 92 82 76 82 81 79 81 82 85 88 92 95 97 99 98 100 103 106 112 114 112 106 108 111
83 87 89 87 83 81 80 81 81 84 84 83 83 79 75 71 68 62 60 61 59 57 57 57 58 59 64 55 45 43 49 60 67 72 74 70 69 70 69 69 66 70 77 78 79 80 75 66 60 62 70 71 67 68 72 78 78 68 64 66 67 68 67 68 66 65 67 69 70 69 72 79 79 73 71 72 74 78 80 81 84 86 85 87 90 93 94 97 101 106 112 115 116 112 113 110
81 84 84 82 80 79 78 78 80 83 82 79 77 76 73 68 65 64 61 60 63 71 80 87 86 67 48 42 41 47 62 71 75 78 79 76 75 76 74 76 73 73 80 81 76 70 66 68 66 65 74 76 75 77 76 79 80 70 65 66 71 77 76 74 71 67 70 76 78 73 75 77 72 73 79 81 78 77 82 86 90 88 90 91 91 93 92 95 101 107 113 116 118 116 105 91
80 83 82 77 73 73 77 84 90 89 85 83 81 77 74 70 71 73 79 89 88 85 81 77 69 55 46 43 48 65 75 77 80 82 82 80 80 82 80 80 77 77 80 77 72 70 70 72 72 68 71 78 82 82 79 80 75 73 74 70 72 81 84 80 74 73 76 78 84 80 83 84 80 80 83 88 89 84 87 97 103 100 103 108 109 106 101 98 101 106 110 116 121 111 92 87
74 79 79 74 70 74 79 86 97 112 109 96 88 83 83 88 93 98 106 106 92 78 66 54 47 43 41 46 63 73 75 80 84 86 86 85 87 85 85 83 81 84 82 77 76 78 78 80 79 73 72 77 82 82 81 80 75 76 74 72 75 79 81 77 76 79 85 82 82 83 88 89 89 90 89 90 94 91 93 103 109 107 99 101 105 106 109 107 105 111 116 121 117 99 87 92
70 74 75 71 72 77 79 86 103 116 110 103 103 96 94 100 106 101 93 85 75 63 49 40 40 43 56 65 69 73 73 77 81 85 89 92 94 94 93 90 92 92 86 82 85 87 87 83 79 78 80 83 87 88 85 80 80 80 75 77 80 82 83 82 82 84 88 85 86 87 89 94 97 96 94 95 99 99 96 101 112 113 104 100 107 113 117 116 112 113 116 118 104 88 93 105
63 66 70 67 68 75 79 84 92 97 94 89 85 83 81 83 88 88 83 77 64 46 39 39 46 61 76 81 85 86 87 88 85 85 98 109 111 109 106 106 108 107 102 99 99 93 88 87 90 91 92 95 94 90 87 88 86 80 79 84 88 89 87 86 87 85 87 88 90 92 95 102 105 102 100 100 102 103 106 111 114 118 111 103 104 107 113 121 132 132 128 119 101 90 102 110
63 62 61 59 69 75 79 86 103 112 103 93 89 86 80 83 89 84 78 66 48 37 39 54 67 65 69 74 79 82 88 94 94 106 121 115 104 99 99 105 112 119 119 108 99 96 99 101 103 107 108 104 100 97 94 89 85 86 88 91 93 93 91 92 94 96 98 98 99 101 99 95 91 88 88 90 94 98 107 117 123 124 118 113 112 113 116 123 132 120 109 100 88 86 95 99
75 75 69 58 63 71 78 86 95 97 91 85 83 80 77 85 90 83 75 59 41 35 41 61 76 80 81 82 86 93 102 109 112 112 108 101 93 91 96 103 110 118 118 115 113 109 106 107 110 113 117 117 110 100 95 95 100 103 101 101 101 101 100 99 98 100 104 104 103 98 92 84 84 87 89 90 90 94 104 110 112 108 106 110 116 123 127 132 134 116 97 86 86 100 107 110
73 70 66 59 67 73 74 77 78 77 75 74 77 78 76 82 85 80 66 48 36 35 41 56 67 79 90 97 105 121 129 120 110 102 94 88 88 94 100 106 115 117 110 103 100 98 100 107 113 112 111 110 109 109 111 114 115 110 103 98 94 91 87 88 96 104 100 93 92 88 80 82 88 95 100 106 107 106 112 123 125 114 107 109 113 117 122 128 129 115 98 83 87 100 110 114
74 73 68 56 60 67 72 73 70 66 67 74 81 82 74 76 87 77 56 39 34 37 51 71 83 87 93 110 135 139 125 110 97 88 82 85 92 97 104 113 114 105 100 98 95 90 92 99 100 95 95 97 101 106 116 116 108 104 100 98 93 90 87 83 90 93 87 81 79 74 79 89 92 92 96 101 105 106 112 119 124 125 116 114 117 123 125 122 113 99 90 81 83 93 95 94
70 69 65 54 58 69 68 68 68 68 73 80 84 82 74 65 65 52 40 34 33 49 75 89 97 106 116 120 121 115 103 93 85 76 83 93 100 107 119 124 116 108 100 99 96 88 84 87 87 90 95 102 107 113 118 115 104 97 92 88 85 81 80 79 84 80 69 66 72 81 86 86 85 89 95 98 97 98 101 106 114 113 108 108 114 112 105 104 107 98 86 76 76 80 86 92
65 63 61 52 52 56 57 63 72 76 76 75 77 78 72 62 53 44 35 33 36 52 68 80 94 102 101 98 100 101 94 80 70 76 88 97 106 110 104 98 94 94 88 84 80 76 77 82 88 95 102 108 111 108 104 104 101 98 95 92 91 85 75 73 75 66 61 66 73 75 77 82 88 94 94 96 101 106 110 110 106 94 89 95 101 96 91 96 102 98 85 73 74 78 82 90
55 52 50 46 43 49 59 67 67 65 70 76 78 76 73 69 56 39 32 33 42 61 72 82 89 88 89 93 95 93 88 77 69 81 90 95 97 94 87 79 80 80 74 71 73 75 79 88 95 99 100 100 99 95 88 90 93 89 84 81 80 79 77 70 65 60 60 70 75 77 81 86 91 86 79 82 92 101 103 96 88 78 79 88 83 77 82 86 90 97 93 80 72 70 70 79
