application_1/map/GEBCO/gebco_2021_n51.5_s50.625_w-1.98_e-0.69.asc
ncols        309
nrows        210
xllcorner    -1.979166666667
yllcorner    50.625000000000
cellsize     0.004166666667
NODATA_value -32767
[rows 144 to 191 of 210, columns 96 to 191 of 309]
41 37 39 40 35 36 36 32 27 23 19 19 23 25 20 21 27 32 28 20 18 20 25 27 21 19 14 9 8 8 8 5 4 2 -18 -17 -18 -19 0 3 3 4 6 6 4 3 3 8 16 23 26 26 24 27 31 35 38 41 43 46 52 56 59 52 45 45 41 29 24 19 12 9 8 7 9 12 15 12 11 10 12 18 21 21 21 21 24 34 48 50 42 36 29 24 25 29
40 36 34 32 30 31 31 28 28 27 24 22 22 20 20 24 30 31 32 32 35 37 41 34 27 21 17 13 9 9 8 7 5 4 3 2 -25 -33 -28 -25 1 1 1 3 3 3 4 8 15 21 23 23 26 28 31 34 34 35 37 40 43 46 49 47 37 35 33 20 11 7 5 11 17 17 16 18 19 16 13 12 14 21 28 33 38 37 31 34 42 37 28 23 23 28 32 34
40 39 36 35 36 36 38 32 27 26 24 22 21 24 29 36 41 34 34 42 52 51 46 40 37 28 22 19 13 10 9 9 8 6 5 3 3 4 -24 -23 -23 -25 4 3 3 -11 2 4 7 12 17 22 25 26 27 30 33 35 34 35 37 38 31 31 32 25 14 7 3 5 11 18 22 25 25 26 22 17 16 17 17 17 17 23 34 37 34 32 27 21 23 34 39 50 51 51
43 40 41 40 39 38 38 34 31 29 25 26 25 26 29 34 38 36 37 42 46 43 39 35 35 30 25 23 19 14 13 11 11 11 5 3 3 4 4 -15 -15 -15 -17 4 -23 -26 -24 1 1 3 7 15 21 25 28 30 29 28 30 31 33 30 25 34 32 17 4 5 10 13 21 26 29 36 37 30 25 23 21 19 17 17 16 17 20 23 34 39 28 24 35 42 46 49 47 46
45 39 37 35 35 33 31 30 27 25 20 24 28 24 25 28 32 31 31 33 34 32 27 23 24 24 24 25 22 21 21 18 17 14 10 6 4 4 4 4 -6 -7 -13 3 -29 -36 -35 -32 -29 -24 6 12 19 22 23 25 24 24 27 28 28 25 19 26 23 11 2 2 9 17 23 27 30 34 40 38 32 27 23 20 18 17 20 22 29 38 40 32 22 30 39 40 39 41 40 38
42 37 34 33 30 28 26 24 21 18 16 17 18 18 19 23 28 27 28 30 30 31 27 21 17 18 17 16 16 20 24 27 23 20 18 16 11 5 3 3 3 2 -7 -19 -31 -11 -1 -37 -35 -31 -19 7 10 13 18 22 22 21 21 22 23 23 16 10 4 0 1 9 23 33 39 45 46 41 40 39 35 31 28 25 25 29 35 36 36 35 26 16 15 25 32 34 34 36 38 38
46 41 39 38 37 32 27 24 22 21 20 19 19 19 17 17 18 20 23 22 21 21 22 24 19 14 11 11 12 16 19 24 24 24 28 25 13 6 6 7 9 9 5 2 -4 -6 -13 -3 -1 -1 -1 -11 4 8 10 15 18 18 19 19 20 21 18 7 10 0 6 15 28 35 41 47 50 51 49 44 40 40 41 41 41 43 40 36 29 20 13 15 21 22 22 22 22 24 26 28
41 36 34 35 37 36 33 30 29 27 27 32 35 27 19 17 15 15 15 13 13 12 12 15 18 17 14 14 14 14 16 20 23 27 29 24 16 12 15 20 19 14 8 -6 -16 -1 -4 -12 -7 -5 -2 -1 -1 -1 6 9 14 18 20 19 20 20 17 10 9 4 12 25 28 33 37 42 45 45 45 45 44 45 44 44 43 39 34 26 17 14 21 32 40 43 35 27 21 18 17 17
36 38 40 42 42 39 32 29 35 38 36 32 26 24 24 23 20 17 15 15 16 14 12 11 12 13 11 11 12 12 16 21 22 22 21 19 19 22 27 30 25 19 16 14 8 -14 -19 -3 -5 -13 -6 -6 -2 -2 -1 4 7 10 14 17 19 19 16 7 1 2 13 20 26 30 32 36 40 43 43 41 43 43 42 43 41 36 28 17 12 21 33 40 40 39 40 40 37 35 31 24
49 54 57 53 49 43 38 33 34 37 39 41 35 28 26 26 28 29 28 28 27 24 17 13 10 11 13 11 10 9 9 10 11 15 20 21 25 31 37 39 38 33 28 20 15 11 -5 -12 -1 -3 -5 -13 -8 -6 -2 -2 5 7 8 9 12 15 16 9 0 1 10 18 21 23 25 30 34 37 37 38 41 41 41 41 39 34 26 15 13 23 31 33 32 30 27 26 27 28 29 24
40 49 50 46 46 49 46 43 46 48 50 47 39 30 23 23 25 27 27 24 22 24 25 23 18 13 11 8 10 9 9 10 11 15 25 35 38 38 39 40 38 33 30 31 29 20 11 1 -7 -14 -2 -3 -5 -13 -10 -5 -3 -2 1 1 4 8 9 6 -1 1 12 17 17 18 21 23 24 25 26 30 35 37 37 36 34 30 20 10 12 24 30 30 29 26 23 20 17 18 22 20
42 49 49 48 49 49 48 49 51 48 47 47 42 37 29 24 21 21 20 18 18 18 19 24 23 16 12 10 10 9 10 14 15 17 28 38 41 41 40 40 39 38 39 36 31 29 26 19 12 2 -7 -1 -2 -3 -6 -13 -9 -8 -4 -15 0 3 3 -4 1 4 12 15 15 16 16 16 19 21 23 28 32 33 32 33 32 26 14 7 16 30 33 33 31 28 24 18 14 13 12 11
39 42 48 55 55 47 41 38 38 35 33 32 30 28 21 16 16 17 16 15 20 23 19 20 22 17 15 11 9 12 15 18 18 20 33 42 42 41 42 42 40 38 37 37 35 32 31 31 26 19 14 -5 -15 -18 -1 -3 -8 -13 -12 -8 -1 -21 0 1 -4 3 8 11 13 14 13 15 16 18 21 26 29 29 28 31 30 22 10 6 18 27 25 22 18 16 15 12 11 10 9 6
26 30 35 45 53 47 39 33 33 34 34 31 29 23 20 22 21 17 14 14 17 20 23 20 20 20 17 14 12 11 15 20 24 31 37 39 38 37 36 38 38 36 37 38 37 33 29 25 24 18 12 8 -2 -8 0 2 -25 -2 -12 -13 -13 -5 -19 -14 -1 0 3 9 13 14 13 15 16 18 19 20 23 24 26 26 21 14 5 3 11 13 13 11 11 12 12 11 12 11 10 7
18 23 28 33 43 42 35 31 34 40 44 41 35 28 29 36 38 27 16 12 12 13 16 20 18 16 14 12 11 15 23 32 37 40 40 39 39 38 37 36 36 34 32 35 36 35 34 32 31 28 27 21 10 3 2 2 2 1 -3 -11 -13 -13 -5 -18 -2 0 1 4 8 9 10 11 13 16 17 16 17 18 18 16 13 10 4 4 10 9 9 9 11 11 10 11 11 12 10 7
18 21 20 17 23 27 30 29 25 27 32 34 37 38 38 34 27 24 26 23 22 22 20 25 26 23 17 11 7 11 28 41 41 39 41 40 39 38 37 36 34 33 33 31 33 36 36 35 36 34 32 30 24 18 10 3 1 1 -1 -3 -14 -13 -14 -6 -4 -18 1 1 2 4 7 9 10 13 15 14 13 13 13 11 10 7 1 2 7 8 8 9 10 10 10 10 11 10 9 8
17 19 14 11 14 20 25 26 22 20 21 24 29 30 29 28 27 30 36 35 38 39 32 28 27 22 17 11 7 18 34 38 34 38 40 39 38 37 37 36 36 35 34 32 32 34 35 35 35 34 32 33 32 32 28 18 7 -6 -12 -17 -3 -8 -13 -15 -10 -1 -10 -8 -7 3 5 7 8 9 9 9 10 11 12 10 7 4 0 0 5 10 11 11 11 10 9 9 9 9 9 9
12 13 11 11 13 15 20 24 23 27 31 34 38 38 36 33 33 38 44 46 46 44 39 35 28 24 22 12 9 18 28 26 28 37 39 38 35 34 34 35 35 34 30 27 32 34 33 32 31 30 28 29 31 30 30 28 19 7 -6 -13 -18 -1 -6 -14 -14 -8 -5 -8 -9 -10 -5 0 4 5 5 6 8 9 10 9 5 1 0 3 8 11 12 12 11 11 10 9 9 8 8 9
14 13 12 11 11 14 20 23 28 38 46 49 47 45 44 42 41 42 40 39 38 35 29 28 34 34 26 14 8 7 9 9 17 31 38 38 35 33 31 30 30 29 26 25 30 30 30 30 29 27 25 26 26 25 24 24 23 17 7 -11 -17 -17 -14 -3 -15 -13 -6 -6 -4 -1 -1 -1 2 4 4 4 5 6 7 5 2 0 2 7 10 10 11 11 11 11 10 8 7 7 7 8
17 18 20 21 19 18 16 21 34 44 47 46 45 44 45 46 46 44 42 40 37 34 33 35 39 38 35 28 15 9 7 5 9 16 25 31 32 32 32 31 31 29 27 25 28 27 29 29 27 27 25 23 22 21 22 21 20 17 12 8 9 -14 -11 -7 -3 -16 -15 -9 -7 -3 -2 -1 -1 -2 -2 -1 0 3 1 0 -1 2 6 8 9 10 9 9 9 8 7 6 6 7 8 6
21 27 35 39 39 36 27 20 24 30 34 39 40 41 43 42 42 42 41 41 39 38 37 37 38 37 37 35 30 25 21 14 9 7 16 23 25 26 29 32 33 31 29 27 23 21 22 23 23 23 22 20 16 15 15 17 19 17 15 13 8 5 4 -4 -1 -1 -2 -16 -13 -7 -4 -2 -1 -1 -2 -2 -2 -1 -3 -2 -1 1 2 4 6 6 7 8 8 7 7 6 6 7 7 6
31 39 42 41 40 35 25 15 19 27 33 37 39 41 40 40 40 39 39 38 38 37 36 36 36 34 32 33 34 32 27 24 17 11 9 8 11 15 23 30 31 31 30 28 26 21 17 16 18 20 21 20 18 18 15 15 16 16 18 19 14 10 4 1 -1 0 -1 -1 -13 -13 -7 -3 -2 -2 -2 -2 -2 -3 -3 -2 -2 -1 -2 -2 -2 1 3 4 5 7 6 6 6 4 4 4
41 44 44 40 32 24 15 15 29 37 38 39 40 40 40 39 39 39 38 38 39 39 38 38 37 37 36 34 31 33 32 32 31 28 24 17 9 4 9 15 19 25 26 24 23 23 21 15 15 17 18 19 19 18 17 15 13 12 12 15 14 12 0 -1 -2 -1 -1 -1 -8 -13 -11 -6 -4 -3 -3 -3 -3 -3 -3 -2 -2 -2 -2 -2 -2 -1 0 1 4 7 8 8 7 5 3 3
43 44 44 41 36 26 17 21 34 39 40 40 40 39 39 38 38 38 39 39 39 39 38 37 36 35 35 35 31 30 30 31 34 32 27 23 14 5 2 3 9 16 23 25 23 22 21 20 19 19 16 17 16 15 15 15 14 11 9 12 2 0 -1 -2 -3 -2 -1 -2 -14 -14 -12 -5 -5 -5 -5 -4 -4 -3 -3 -3 -2 -2 -2 -2 -2 -2 -2 -2 -1 5 6 7 7 6 5 4
39 42 42 40 37 35 24 15 24 34 39 40 39 36 36 35 36 36 38 38 36 35 34 34 33 32 30 29 28 27 25 26 29 26 26 24 21 17 16 16 6 13 22 23 22 20 19 19 17 16 13 10 12 13 13 14 13 9 7 1 -2 -1 -2 -3 -4 -3 -3 -16 -15 -9 -7 -4 -4 -4 -3 -4 -5 -5 -3 -2 -2 -2 -3 -2 -1 -2 -2 -2 -2 -1 3 5 6 6 6 6
35 39 40 36 32 29 20 11 21 31 34 36 35 33 33 32 30 31 32 31 30 28 28 29 30 28 30 31 31 27 24 22 21 22 24 22 21 20 20 14 5 8 15 17 17 18 17 16 15 15 14 10 7 9 8 8 8 8 1 -2 -2 -4 -5 -7 -7 -11 -14 -6 -5 -5 -4 -3 -2 -1 -1 -3 -2 -3 -5 -5 -4 -3 -3 -2 -2 -1 -1 -1 -1 -1 -1 2 4 5 5 5
28 34 37 35 32 29 19 9 16 28 32 33 32 30 30 30 29 28 27 26 24 23 24 26 27 29 31 28 24 25 25 23 25 23 19 19 17 14 10 6 8 5 10 14 13 12 13 14 13 10 9 7 4 4 6 6 5 3 -2 -2 -5 -6 -8 -8 -12 -13 -8 -10 -7 -1 -2 -2 -2 -1 -2 -2 -2 -2 -1 -2 -4 -5 -6 -4 -4 -6 -4 -1 -2 -2 -1 -6 0 1 1 1
30 28 28 32 35 33 22 9 16 28 31 31 30 29 27 26 28 31 35 34 27 22 23 26 27 27 28 25 22 21 22 21 21 18 15 11 7 5 2 0 0 2 4 4 3 2 2 4 5 7 6 4 3 4 5 3 1 -1 -4 -6 -7 -9 -9 -14 -13 -9 -7 -5 -6 -6 -6 -5 -5 -6 -6 -6 -7 -8 -7 -6 -6 -7 -6 -9 -12 -13 -8 -11 -9 -8 -6 -5 -3 -10 -8 0
29 26 23 30 33 29 19 8 11 26 29 29 28 27 25 25 28 29 32 31 25 21 18 21 25 25 23 20 17 17 16 14 14 15 15 12 9 6 4 2 0 -3 -2 1 2 3 4 4 4 3 3 3 2 0 -1 -2 -3 -1 -8 -10 -9 -10 -13 -13 -13 -12 -11 -11 -11 -11 -13 -18 -18 -17 -17 -15 -15 -15 -15 -16 -16 -15 -14 -14 -14 -14 -15 -16 -16 -17 -15 -11 -9 -11 -10 -8
32 28 23 26 29 28 21 9 10 24 28 27 26 26 23 23 24 23 20 18 18 16 16 16 17 16 16 14 14 15 14 13 12 13 14 11 10 6 2 0 0 0 -3 -1 0 0 1 1 0 -1 -1 -1 -1 -1 -1 -2 -3 -10 -10 -9 -12 -17 -19 -16 -13 -14 -19 -20 -18 -19 -19 -19 -19 -21 -20 -19 -18 -19 -15 -16 -16 -16 -15 -14 -14 -14 -14 -14 -13 -13 -16 -17 -17 -17 -13 -9
31 30 26 23 23 23 16 7 6 13 23 27 27 26 25 25 24 21 19 16 13 13 12 12 12 13 16 15 13 13 12 10 9 11 8 5 4 2 1 1 1 1 0 0 -1 -1 -1 -2 -3 -1 -2 -4 -5 -6 -14 -9 -11 -11 -11 -19 -20 -21 -21 -20 -20 -21 -20 -21 -21 -18 -21 -20 -19 -21 -21 -19 -19 -17 -17 -14 -12 -11 -12 -14 -13 -14 -14 -15 -15 -15 -12 -13 -15 -16 -16 -16
29 29 28 27 26 25 18 8 4 6 17 24 24 23 22 21 20 18 16 15 12 11 13 14 11 8 7 8 9 9 6 5 5 4 4 3 1 0 0 1 1 1 -3 -2 -1 -1 -1 -2 -2 -3 -6 -6 -6 -6 -8 -9 -10 -16 -20 -20 -20 -21 -20 -20 -19 -16 -13 -15 -14 -17 -20 -22 -22 -23 -23 -22 -22 -22 -19 -7 -4 -4 -4 -5 -4 -5 -5 -7 -8 -11 -13 -13 -14 -15 -16 -16
28 28 25 23 22 23 22 17 10 3 6 16 20 21 18 17 17 14 12 12 10 9 10 12 9 7 5 3 4 4 3 2 2 3 4 3 0 -1 -2 -1 -1 -2 -1 -1 -1 -1 -2 -2 -3 -4 -5 -8 -9 -11 -13 -14 -19 -23 -20 -21 -20 -19 -13 -6 36 36 -1 -5 -5 -5 -3 -1 -2 -2 -5 -17 -22 -23 -25 -26 -23 -22 -20 -16 -15 -14 -11 -8 -5 -6 -9 -16 -15 -17 -17 -18
23 26 26 25 23 20 22 23 20 12 4 6 11 11 12 12 12 12 13 12 10 8 6 5 5 4 3 2 1 2 3 1 0 -1 -2 -3 -5 -6 -3 -5 -5 -5 -4 -3 -3 -4 -4 -5 -9 -11 -11 -11 -12 -13 -14 -19 -20 -22 -20 -19 -10 22 36 46 48 43 28 -6 -3 5 15 32 46 48 42 9 -2 -2 -4 -14 -19 -24 -23 -21 -20 -18 -17 -17 -17 -17 -16 -17 -18 -19 -21 -21
16 21 24 23 22 19 17 17 16 11 6 5 1 4 6 7 8 8 6 6 5 4 2 1 0 -4 -3 -2 -1 -1 -1 -1 -3 -4 -5 -5 -5 -5 -5 -6 -6 -6 -6 -7 -8 -9 -10 -11 -10 -11 -12 -12 -14 -15 -20 -21 -21 -20 -4 -3 16 32 39 46 51 48 41 -7 -7 6 16 32 47 52 50 43 28 7 -2 -2 -2 -3 -3 -11 -20 -23 -24 -22 -21 -19 -17 -16 -17 -17 -18 -20
18 15 17 19 18 18 17 13 10 6 3 2 -1 -3 -1 -1 -1 0 -1 -1 4 2 -1 -4 -7 -2 -2 -2 -3 -3 -4 -4 -5 -6 -5 -5 -5 -6 -6 -6 -9 -9 -12 -17 -17 -16 -16 -16 -18 -17 -17 -15 -16 -18 -19 -19 -18 -5 21 14 13 31 43 48 51 51 46 30 11 7 19 37 51 55 52 43 37 35 11 -1 -2 -2 -2 -3 -3 -2 -2 -2 -3 -5 -6 -9 -7 -7 -7 -8
22 17 11 12 14 14 14 10 6 4 2 0 -5 -8 -1 -4 -2 -1 1 2 2 -1 -1 -2 -3 -2 -3 -4 -4 -5 -5 -5 -6 -7 -8 -8 -9 -11 -12 -16 -17 -16 -16 -16 -16 -17 -17 -17 -17 -17 -16 -16 -18 -19 -19 -14 26 35 33 24 15 25 40 52 55 53 44 30 11 7 18 36 50 55 52 48 43 38 34 12 8 -1 -3 -3 -3 -3 -3 -3 -3 -3 -3 -3 -3 -4 -4 -4
18 15 11 7 9 10 8 5 4 2 1 0 -7 -12 -10 -7 -5 -3 -1 -1 -2 -2 -2 -2 -4 -5 -5 -6 -6 -6 -6 -7 -11 -12 -16 -17 -17 -17 -16 -16 -15 -17 -17 -18 -18 -17 -18 -17 -17 -17 -17 -18 -19 -11 -2 9 23 40 41 29 18 26 44 56 62 58 45 28 14 -2 12 29 45 53 53 49 43 39 41 35 13 12 11 11 -2 -4 -4 -5 -7 -7 -6 -5 -6 -5 -5 -4
14 12 9 6 6 4 4 3 2 0 -1 -1 -5 -9 -8 -6 -1 -1 -3 -2 -1 -3 -4 -4 -4 -5 -5 -6 -6 -8 -12 -15 -16 -15 -13 -12 -14 -15 -18 -18 -18 -17 -17 -16 -16 -16 -16 -17 -15 -15 -12 -6 -2 -1 -1 8 25 39 32 20 17 26 39 51 61 60 48 29 13 6 5 15 30 45 51 51 49 45 39 25 13 14 27 32 14 12 9 -1 -3 -4 -3 -4 -3 -4 -5 -6
10 8 4 2 3 2 1 1 0 0 -1 1 -3 -5 -6 -1 -1 -3 -2 -3 -4 -4 -4 -5 -5 -7 -7 -10 -12 -13 -14 -14 -13 -14 -14 -13 -13 -14 -16 -16 -16 -14 -14 -15 -11 -8 -5 -5 -3 -1 -1 38 24 11 9 9 15 21 22 22 19 21 30 42 55 59 49 33 19 10 -1 6 15 24 33 43 45 37 27 18 15 26 40 44 38 25 12 13 11 -3 -1 -1 -1 -1 -1 -1
7 4 3 0 0 -1 0 0 0 -1 6 2 -1 -2 -1 -2 -1 -3 -4 -4 -4 -5 -7 -8 -9 -12 -14 -13 -13 -14 -14 -14 -15 -15 -15 -15 -15 -15 -17 -15 -9 -12 -4 -5 -5 -2 -1 14 18 32 46 41 27 18 25 23 16 22 31 32 28 29 35 44 55 60 52 39 25 15 6 2 4 9 15 22 26 26 22 26 35 43 45 36 21 16 8 18 27 29 19 13 21 24 20 18
3 2 1 0 0 -1 -1 -1 -1 5 3 1 -2 -1 -1 -3 -3 -4 -6 -5 -6 -7 -7 -12 -16 -16 -14 -14 -14 -13 -13 -14 -14 -15 -12 -15 -15 -16 -10 -7 -4 -1 2 3 6 11 17 23 21 22 32 34 26 25 27 26 32 44 55 57 49 37 35 43 55 57 48 33 21 13 5 1 2 6 8 10 14 16 20 33 45 50 41 25 16 12 23 32 37 34 27 26 35 32 25 25
3 2 2 1 0 -1 -7 -4 -2 -1 -1 -1 -1 -2 -3 -4 -7 -6 -5 -7 -9 -17 -22 -17 -16 -14 -13 -14 -13 -13 -14 -13 -13 -12 -3 25 14 8 4 -8 -1 -16 -10 -3 0 2 5 9 12 14 17 19 26 34 31 29 36 45 58 60 51 51 52 47 50 48 37 25 17 11 5 4 7 12 16 16 17 20 22 30 42 47 38 24 11 14 28 39 45 45 40 37 40 38 35 37
0 0 0 -6 -8 -9 -8 -6 -4 -1 -1 -2 -4 -5 -6 -7 -8 -9 -15 -24 -23 -18 -17 -16 -14 -13 -12 -13 -13 -11 -12 -11 36 44 51 41 28 17 9 -4 1 -11 -7 -1 1 3 6 8 8 8 8 12 19 25 28 29 32 39 46 50 54 56 51 41 34 28 22 15 11 7 5 9 15 21 32 38 34 28 31 41 46 37 28 20 14 10 20 34 42 46 42 44 48 47 41 38
0 -6 -6 -7 -7 -7 -9 -9 -1 -1 -3 -13 -11 -11 -11 -17 -24 -27 -29 -24 -21 -17 -13 -13 -12 -13 -13 -10 -10 -8 44 49 48 44 41 36 28 17 8 -2 1 3 7 10 12 13 9 8 6 9 10 11 15 18 21 30 36 36 41 52 69 65 48 41 37 29 25 18 10 6 7 12 21 32 44 41 33 29 34 45 50 41 30 27 23 17 18 25 28 35 45 45 44 42 40 46
-7 1 -7 -7 -27 -27 -14 -1 -1 -11 -11 -17 -28 -39 -43 -49 -43 -27 -16 -13 -13 -11 -12 -13 -11 -12 -9 -1 33 39 34 30 31 32 27 20 11 5 5 0 4 5 6 10 15 18 20 18 14 12 12 15 17 19 20 22 25 30 38 50 65 70 59 52 44 31 24 18 12 8 12 21 31 40 47 45 44 41 39 47 54 48 39 39 37 30 23 17 24 35 37 31 32 44 59 64
-6 -8 -10 -23 -27 -27 0 -2 -16 -26 -36 -42 -45 -34 -21 -11 -14 -7 -10 -9 -5 -3 -1 8 10 13 17 19 18 20 21 22 25 21 15 11 7 10 8 7 8 10 10 11 13 13 18 24 22 17 16 23 25 26 27 27 27 29 33 35 37 41 39 32 27 22 25 21 12 9 17 28 41 55 63 63 61 52 46 52 60 61 56 47 38 29 21 16 17 20 21 24 35 52 65 63
-4 -4 -6 -9 -13 -11 -35 -31 -46 -54 -34 -22 -4 22 16 13 11 -23 1 0 3 5 4 2 3 6 9 14 20 20 22 26 23 13 11 12 13 17 16 13 14 15 17 17 18 20 25 30 26 19 19 24 32 37 36 34 34 32 30 27 24 24 22 20 17 16 14 11 9 10 19 31 45 62 77 77 66 59 53 53 65 73 67 55 40 30 24 22 22 27 29 32 34 37 47 51
