application_1/map/GEBCO/gebco_2021_n51.5_s50.625_w-1.98_e-0.69.asc
ncols        309
nrows        210
xllcorner    -1.979166666667
yllcorner    50.625000000000
cellsize     0.004166666667
NODATA_value -32767
[rows 96 to 143 of 210, columns 96 to 191 of 309]
61 60 58 50 43 46 55 59 57 57 64 69 70 69 61 55 43 32 31 33 47 65 74 80 80 79 84 87 83 76 69 63 70 79 80 77 74 72 69 65 66 66 69 78 87 83 79 84 87 90 92 95 95 88 79 80 84 85 83 82 77 70 68 68 65 59 56 67 71 69 73 76 75 69 68 74 80 82 83 82 79 71 69 76 72 66 71 80 85 86 89 85 77 68 68 76
92 78 63 53 45 41 43 45 47 53 56 57 60 59 53 45 36 30 30 38 54 62 68 72 69 68 70 69 63 57 55 62 65 62 58 58 60 64 65 63 69 76 82 87 89 89 86 86 97 110 111 111 103 89 78 70 65 64 65 69 74 74 70 66 60 53 58 64 60 62 63 58 54 52 55 62 63 62 63 66 67 61 56 56 55 55 62 70 73 77 82 79 68 64 73 79
122 108 87 65 51 45 40 39 46 47 48 53 52 47 41 35 31 31 34 44 50 54 60 62 55 54 50 47 47 51 53 53 53 56 61 72 85 87 74 65 67 72 77 81 86 90 94 94 94 103 113 113 100 88 79 70 65 64 61 57 55 56 58 57 51 47 52 52 47 45 44 43 43 43 44 45 45 47 49 50 50 51 53 58 61 59 53 53 56 62 68 70 65 59 59 60
104 106 100 88 72 61 52 41 35 36 39 41 42 38 34 31 30 29 36 52 61 65 68 59 45 40 47 56 61 63 62 61 63 69 74 83 95 99 92 77 70 83 97 107 109 112 113 116 108 102 107 100 84 75 74 73 71 69 68 64 61 57 57 58 57 50 44 43 42 48 54 58 61 56 53 60 60 68 73 59 61 70 72 74 75 76 73 65 56 54 54 55 55 58 63 62
94 90 94 92 90 94 86 67 51 44 40 36 34 32 30 29 28 29 39 56 61 58 52 45 40 43 46 48 51 54 64 77 82 79 79 93 100 106 103 83 75 76 81 95 106 114 120 124 119 115 105 88 84 86 82 77 79 82 78 75 74 68 60 55 53 48 41 41 51 69 75 76 77 65 64 80 85 83 71 66 80 90 91 92 94 94 90 81 68 60 63 67 68 75 71 63
92 86 85 87 82 91 92 86 82 80 77 69 52 35 30 28 27 33 46 51 41 35 38 46 58 71 74 64 61 73 82 88 96 94 88 106 113 110 94 83 91 88 83 90 93 96 105 113 108 99 93 91 98 94 89 92 92 85 76 72 70 65 61 63 57 46 38 38 50 65 74 78 81 72 64 76 84 75 72 70 67 78 95 106 111 106 97 86 71 64 76 94 100 89 69 67
78 76 75 75 73 77 74 70 71 67 64 62 46 30 26 26 28 34 38 38 43 49 47 55 64 69 72 76 78 78 82 100 111 100 85 92 100 107 99 92 102 99 101 113 116 114 114 116 114 113 111 109 114 110 109 107 95 84 78 78 77 73 68 57 45 39 38 42 52 61 66 73 81 75 68 77 88 91 88 80 72 72 81 90 104 106 98 88 75 70 84 99 95 81 69 68
65 67 65 61 63 64 62 61 71 68 55 44 32 26 25 26 33 46 54 59 64 63 59 61 64 70 79 85 94 98 85 91 107 105 94 95 107 114 106 102 110 112 118 127 134 133 133 137 141 137 127 133 138 134 132 121 105 96 92 83 72 63 55 46 39 38 41 50 58 62 67 76 87 88 79 77 93 100 95 89 79 79 87 95 99 97 93 84 74 74 90 106 98 82 69 68
54 54 56 56 49 46 44 48 58 60 49 38 28 25 24 27 39 57 70 79 84 84 82 83 82 80 95 105 112 121 111 92 95 103 106 109 113 121 121 123 125 118 121 129 137 143 147 149 151 150 147 150 152 144 126 116 116 112 107 95 86 77 61 46 39 44 57 65 73 79 83 86 89 91 87 87 88 94 92 84 82 91 103 109 101 89 82 79 84 88 101 105 89 79 84 73
46 45 51 52 48 43 39 42 48 49 44 34 25 23 24 30 49 72 90 99 105 109 111 110 105 93 101 113 125 139 142 131 127 142 155 154 155 151 136 128 130 129 132 136 125 120 120 123 135 135 137 143 141 143 138 136 131 124 110 89 73 60 49 41 38 49 69 71 67 68 74 88 102 110 112 107 103 110 108 98 93 95 101 102 96 95 101 93 90 100 104 93 84 91 90 81
52 48 44 50 57 60 62 59 54 44 37 29 26 24 24 38 51 53 63 72 87 104 112 115 115 116 125 135 140 146 152 157 161 164 154 133 135 138 120 114 119 117 118 120 108 99 100 112 120 115 117 124 124 129 130 132 125 107 91 74 55 45 38 34 35 39 41 42 47 54 63 66 69 78 88 97 102 114 121 112 110 123 121 109 105 110 107 98 95 106 102 91 97 100 92 94
48 44 43 48 62 79 75 64 56 45 36 28 25 24 28 60 85 86 79 69 74 94 99 102 110 115 121 129 133 140 145 144 152 154 140 113 108 109 103 103 106 101 100 99 91 89 99 107 103 99 108 116 111 107 111 118 107 88 76 63 49 41 34 32 35 39 42 43 44 48 52 58 66 74 87 105 120 135 138 117 117 137 135 128 125 125 117 107 105 109 100 96 105 101 97 93
38 39 44 51 68 82 78 65 55 44 30 24 23 23 35 64 87 104 113 101 84 89 97 100 99 103 108 111 116 115 117 128 135 135 132 110 93 89 90 102 112 95 84 82 84 89 90 93 90 92 104 113 107 97 103 116 108 92 80 68 53 38 32 40 65 70 67 60 55 58 65 81 97 104 110 111 110 124 150 151 158 167 161 149 144 135 123 118 115 105 104 111 110 102 97 88
31 35 40 50 62 70 70 62 51 41 30 25 25 28 53 78 85 90 95 95 89 90 92 89 89 96 103 102 92 98 114 118 114 116 123 117 93 86 102 124 129 113 91 75 72 71 75 82 88 99 106 101 94 88 95 105 105 96 84 74 55 35 31 44 65 78 92 102 107 108 114 126 124 104 92 92 105 130 142 148 159 156 158 159 158 146 131 121 114 111 116 119 112 102 94 85
30 29 30 34 42 51 54 50 42 35 29 25 24 30 48 58 69 79 79 79 79 76 70 77 83 88 89 83 78 91 103 105 98 101 108 108 96 84 101 118 118 114 112 95 70 69 93 111 113 105 90 80 79 84 91 84 84 85 73 61 49 33 33 53 72 79 89 94 94 100 113 115 98 88 98 113 119 117 118 133 140 132 134 144 148 143 136 131 125 121 113 106 105 103 99 99
34 31 29 29 30 32 30 29 29 29 25 22 23 33 46 52 63 68 61 59 63 62 58 60 65 68 66 64 69 81 91 92 86 86 93 93 91 80 87 100 103 99 98 88 68 75 99 101 97 92 76 77 92 106 102 76 68 70 70 66 52 35 30 44 65 72 71 76 86 94 98 98 88 95 105 107 98 103 116 131 132 118 122 129 124 126 140 147 135 122 114 109 108 106 102 100
42 38 37 37 33 31 37 46 42 36 28 22 21 25 31 37 42 44 47 46 45 47 53 50 47 49 53 58 62 72 78 73 69 73 77 75 70 73 80 82 83 85 81 77 66 73 81 76 71 72 80 94 99 100 101 83 60 53 53 55 48 32 27 38 57 58 63 70 71 76 85 88 80 76 85 84 86 100 113 119 119 110 108 112 118 132 146 151 141 133 124 115 112 109 109 105
53 49 45 46 53 56 58 55 45 38 32 24 20 21 20 22 24 27 34 40 39 44 51 45 41 48 50 47 46 50 49 50 56 59 60 60 64 66 64 63 64 65 65 67 61 57 58 62 68 73 76 76 78 85 89 85 79 66 51 46 40 30 27 35 46 53 55 58 63 67 70 69 65 68 74 81 91 98 97 99 101 96 99 107 116 127 134 126 120 122 124 125 122 121 118 109
69 60 51 48 53 64 68 61 53 46 39 30 22 19 18 18 19 21 27 36 39 38 39 38 39 40 41 42 37 33 34 37 45 53 57 61 63 64 61 59 57 54 54 51 50 49 49 51 53 53 55 57 61 66 69 68 72 76 73 60 40 29 27 36 44 42 42 46 48 51 53 58 68 80 89 89 82 79 79 83 88 96 106 117 125 129 117 109 120 129 131 140 147 143 128 118
81 72 65 57 55 59 65 70 74 66 54 42 29 22 19 18 19 20 21 28 34 31 30 31 29 30 33 33 32 33 36 42 53 56 56 58 62 72 79 82 76 59 47 43 44 45 45 44 42 40 40 42 43 45 49 51 55 61 65 56 32 25 28 33 38 48 57 54 57 63 67 74 80 83 78 71 73 79 86 94 101 108 115 117 120 115 103 103 113 122 130 141 150 153 147 139
75 76 71 62 56 57 64 76 78 71 62 52 41 33 27 23 20 19 19 22 29 34 34 34 32 32 35 39 46 56 60 62 61 55 55 65 74 83 83 73 61 54 46 45 54 64 64 61 59 52 44 40 40 38 36 37 42 48 53 45 26 23 30 43 53 65 79 85 89 95 90 76 66 64 67 75 85 93 100 110 114 108 111 115 103 93 97 109 122 134 140 142 147 152 155 159
61 62 60 56 55 61 69 80 77 70 63 53 48 48 45 34 23 19 18 18 26 36 39 43 45 46 46 49 56 58 59 61 54 47 56 67 72 77 77 68 56 48 43 53 67 71 66 61 62 70 71 63 60 53 42 35 31 35 40 33 24 24 34 47 66 80 87 93 98 90 65 56 63 79 97 100 94 97 109 116 107 99 109 102 87 90 97 108 122 123 116 121 132 133 135 142
55 55 53 51 61 75 77 80 75 67 62 58 54 52 49 42 31 21 18 18 18 25 35 40 42 44 43 44 47 48 53 53 44 47 54 55 58 61 59 57 54 45 46 60 69 65 57 56 61 70 80 82 78 65 46 35 29 25 25 24 21 25 36 49 61 68 74 81 85 72 53 60 82 99 101 92 89 95 97 102 101 91 93 86 86 98 108 113 111 104 109 122 122 115 120 131
46 47 46 45 48 53 67 82 78 67 63 61 56 52 52 47 36 22 17 17 15 16 25 35 40 42 39 38 43 49 46 39 38 42 45 43 45 49 48 44 45 47 46 51 55 55 55 61 67 69 71 74 76 73 63 45 30 23 21 21 21 28 38 47 52 56 63 67 62 52 58 74 83 83 81 85 88 91 100 112 114 93 78 81 92 101 100 95 94 104 120 123 111 104 114 125
35 37 38 37 40 53 70 80 74 66 64 61 55 46 41 28 17 14 15 16 16 17 22 33 37 37 33 32 35 33 29 29 31 33 37 40 44 48 45 40 37 40 40 38 42 44 46 50 53 55 56 60 63 65 68 59 35 21 22 24 25 32 36 40 41 44 51 49 46 53 65 68 69 77 83 81 80 90 98 107 115 105 80 77 84 85 83 93 103 107 108 108 100 95 102 111
29 30 31 36 45 54 60 65 66 68 64 62 60 52 31 15 12 13 16 17 18 18 21 29 31 30 33 37 40 39 34 30 29 31 35 40 44 43 41 42 44 41 36 33 35 37 36 38 43 44 46 48 51 57 59 51 33 21 22 21 25 32 36 37 38 43 45 40 42 49 55 56 62 66 70 75 81 87 92 99 94 90 78 68 73 76 76 82 89 93 97 94 88 94 104 109
27 30 34 34 39 45 48 46 45 52 61 62 60 55 36 16 12 13 16 17 17 17 18 22 29 34 37 38 39 40 37 32 33 36 40 43 43 41 45 52 49 43 39 37 33 33 32 32 36 40 42 41 45 51 47 34 22 17 17 20 27 30 30 32 36 41 41 42 44 48 48 46 50 54 59 65 68 73 78 78 70 67 66 75 89 80 70 74 81 92 91 83 88 89 92 97
30 26 27 30 32 32 34 34 34 42 56 63 62 58 50 39 22 13 13 16 18 17 17 20 30 35 37 36 38 41 41 39 39 42 47 50 50 47 46 43 37 31 31 32 30 25 24 26 35 41 38 31 29 30 27 18 14 15 18 20 25 28 24 25 27 28 32 33 34 35 35 35 37 39 43 50 54 59 60 60 66 78 89 97 91 72 71 87 97 100 84 76 78 82 90 95
21 21 24 23 22 23 24 26 29 36 52 62 62 58 51 42 27 14 11 14 17 16 16 16 26 32 33 36 39 41 43 41 40 43 46 48 48 48 43 38 38 37 31 28 25 25 29 29 29 35 29 22 19 18 18 16 16 25 37 37 27 25 27 36 45 44 42 38 35 35 36 39 41 40 41 43 46 50 55 63 69 76 81 81 71 70 86 95 101 104 86 70 75 79 87 90
23 19 18 18 17 19 21 22 25 30 40 53 59 54 50 46 34 15 10 13 15 15 15 16 20 27 31 34 40 41 40 43 43 45 47 49 47 43 43 41 39 34 31 31 31 34 35 30 25 26 20 17 17 17 17 16 16 28 39 41 44 46 45 50 55 56 56 57 56 51 46 45 48 45 42 42 44 48 54 60 59 61 64 65 73 80 86 94 104 110 95 68 61 67 78 80
24 26 31 29 23 20 18 18 22 28 37 45 54 53 50 48 40 18 9 12 14 14 14 16 21 25 30 35 43 44 43 45 43 44 47 48 48 48 49 48 45 40 39 38 37 38 36 33 25 18 16 16 16 16 16 15 13 17 22 28 41 52 57 53 50 53 53 51 51 56 60 58 50 44 42 43 45 47 53 57 56 52 53 63 72 72 77 86 92 88 73 60 56 63 72 70
35 36 39 41 38 34 31 24 20 27 37 43 53 53 50 49 43 22 9 9 10 11 11 13 18 24 33 42 53 58 53 48 44 47 49 53 60 65 68 66 59 53 50 45 42 40 35 31 26 16 14 14 15 15 15 14 13 10 10 13 18 25 31 35 36 42 43 40 46 54 59 59 53 45 41 43 45 46 49 51 49 45 46 53 59 64 73 80 77 62 53 60 74 85 83 67
41 38 37 38 36 33 28 25 20 21 29 41 52 52 49 48 42 22 8 6 8 10 11 12 18 29 40 52 69 75 63 51 44 46 51 59 72 84 89 89 85 78 67 60 58 51 39 31 23 15 13 13 14 14 14 13 13 13 10 8 9 12 17 22 27 32 33 33 37 45 53 51 45 42 41 43 46 51 59 57 48 42 42 47 53 59 64 68 58 51 62 68 66 64 65 62
45 46 38 31 28 28 23 20 21 21 20 28 35 39 43 43 33 14 7 7 9 10 10 11 18 32 43 54 69 80 73 58 45 43 54 65 77 84 83 83 83 85 80 75 66 54 43 31 22 15 12 12 12 13 12 12 12 11 9 7 9 13 16 20 23 27 29 31 39 47 46 42 44 47 55 57 56 59 66 58 44 37 38 45 55 59 54 51 44 46 52 54 59 64 63 62
43 45 36 27 25 27 23 19 17 16 14 16 21 25 28 25 14 6 5 6 8 11 11 11 18 31 44 54 63 68 65 51 40 41 53 67 76 80 77 72 77 82 81 73 64 53 43 31 22 14 10 10 11 11 10 10 10 9 7 7 10 14 15 17 19 24 26 28 35 40 39 45 54 53 59 58 50 50 55 56 48 38 35 40 47 49 43 39 42 48 54 60 65 71 77 84
39 41 39 35 29 24 19 17 15 13 12 12 11 10 10 10 7 5 4 5 7 11 11 13 24 35 43 47 52 61 61 53 46 41 49 61 64 69 66 67 72 76 77 66 54 46 39 29 20 14 10 10 11 11 10 8 5 5 6 8 10 13 17 18 19 23 26 30 32 34 37 44 43 42 45 46 46 51 56 59 55 48 36 31 35 38 37 41 43 38 39 43 48 54 63 71
31 31 31 27 21 19 18 18 17 15 13 11 11 12 13 14 8 5 4 4 5 8 10 13 20 25 30 38 45 51 53 48 43 39 41 45 54 61 53 54 60 72 74 65 58 50 40 27 16 9 10 11 12 11 8 6 9 10 12 13 13 16 19 19 20 21 25 29 31 33 34 33 31 31 35 38 42 46 50 50 46 46 39 30 29 35 40 39 34 32 31 33 37 43 50 58
33 30 27 24 23 25 23 23 20 19 16 15 16 21 23 19 9 5 4 5 7 8 8 9 12 17 24 28 31 36 41 43 42 35 33 41 51 52 44 50 62 74 70 57 44 38 32 22 12 8 12 12 9 7 4 8 18 20 18 17 20 26 25 22 23 23 26 28 31 31 30 29 27 28 26 27 31 36 41 42 38 37 34 26 26 30 29 27 29 29 29 30 33 38 46 55
22 27 32 31 28 24 23 24 23 21 23 27 30 27 21 15 8 3 4 4 4 5 5 6 9 12 16 20 22 26 31 35 37 35 30 39 44 39 41 54 67 68 59 52 44 35 25 17 10 7 7 6 5 6 9 12 17 20 22 26 28 30 26 25 26 29 30 27 26 27 26 26 27 25 21 22 27 31 32 33 31 26 25 26 30 33 35 34 34 36 35 34 33 34 38 43
26 36 41 39 36 32 31 31 28 27 31 38 39 28 19 15 10 6 5 5 3 2 1 3 7 10 12 13 17 22 27 29 26 27 33 38 35 41 49 56 61 60 53 44 39 31 21 11 6 5 7 13 21 23 22 23 26 28 29 30 30 29 28 29 29 27 26 25 24 22 24 25 23 20 22 26 27 24 22 23 30 35 37 34 36 41 46 51 50 51 46 39 38 39 43 43
24 27 33 37 38 35 34 33 29 28 34 43 38 27 18 12 10 9 8 8 7 4 1 1 3 7 8 9 13 18 24 25 23 26 30 30 32 36 40 47 49 48 44 37 31 23 12 3 5 12 22 31 33 33 34 34 36 39 39 37 36 36 34 33 31 30 30 28 24 23 24 28 27 21 16 16 16 21 33 38 44 48 46 45 45 45 45 48 50 46 41 41 44 49 59 61
25 25 25 26 31 33 30 28 27 30 36 40 33 23 16 11 9 9 8 8 8 7 3 0 0 4 6 8 9 11 14 19 19 19 23 27 29 29 29 33 35 39 39 31 24 18 9 4 7 22 41 52 47 45 45 48 56 57 58 57 51 45 39 34 33 33 31 26 22 21 23 24 22 18 16 14 14 18 24 31 43 51 50 46 40 34 34 37 38 38 40 47 56 66 72 74
27 27 28 28 27 27 26 27 26 30 38 38 30 22 14 11 10 9 8 7 7 7 4 1 0 2 4 6 7 8 9 12 15 19 21 24 26 25 26 27 30 32 31 25 18 12 5 2 6 22 41 45 45 55 61 65 71 73 79 78 69 57 43 33 28 26 24 22 20 18 17 17 16 17 15 14 19 27 33 35 39 42 41 32 28 30 31 35 39 45 49 56 62 66 66 64
36 30 30 30 29 32 27 26 24 25 31 31 25 18 13 11 10 9 8 7 6 5 5 3 2 2 3 5 6 6 6 7 11 14 16 18 19 20 22 24 24 25 24 17 8 3 3 3 5 12 22 31 47 57 59 59 58 63 73 79 68 52 43 35 31 27 24 21 20 18 15 15 18 16 12 13 24 29 27 34 39 34 25 25 28 30 35 40 44 45 50 59 64 58 53 54
35 30 27 26 24 24 22 22 21 25 25 19 15 12 12 11 10 9 8 8 7 4 4 4 -5 -7 3 4 5 5 5 4 5 6 8 12 14 16 18 18 19 23 23 15 6 3 2 0 2 14 28 41 48 52 52 51 60 71 73 70 65 57 48 41 35 31 28 25 22 19 16 13 12 10 9 10 14 17 20 22 23 23 23 25 28 31 31 31 33 39 45 49 51 48 48 50
44 36 34 35 29 23 21 18 17 20 19 15 12 11 11 10 9 8 10 12 11 7 4 5 2 1 2 2 3 3 3 3 3 4 3 5 8 11 13 13 14 19 19 11 5 3 2 1 3 14 27 38 44 47 45 47 57 58 54 51 53 58 61 58 48 40 33 29 25 22 18 16 13 11 8 10 15 13 13 15 18 25 24 21 21 25 26 27 29 34 37 40 42 48 50 42
45 41 39 37 28 23 22 22 23 20 15 13 11 10 9 9 10 12 15 14 11 10 9 9 9 8 5 5 4 5 3 3 4 4 3 4 4 3 4 4 6 15 15 9 5 2 1 4 14 25 31 35 36 37 40 44 45 44 47 52 59 71 75 68 59 48 39 32 26 21 16 13 12 13 12 9 10 10 13 11 10 14 17 19 22 27 29 33 37 40 43 49 53 52 46 36
49 44 42 37 29 25 26 29 27 19 15 13 12 12 11 13 19 22 18 14 12 14 15 15 12 13 12 8 4 -2 5 -22 -34 -26 -18 2 2 1 2 3 5 9 10 7 4 2 2 9 19 25 29 30 29 32 34 35 39 46 51 55 61 69 71 61 54 49 42 35 32 27 16 12 13 11 10 7 6 8 8 8 9 11 13 15 17 20 27 35 47 55 53 50 45 37 31 29
