application_1/map/GEBCO/gebco_2021_n51.5_s50.625_w-1.98_e-0.69.asc
ncols        309
nrows        210
xllcorner    -1.979166666667
yllcorner    50.625000000000
cellsize     0.004166666667
NODATA_value -32767
[rows 48 to 95 of 210, columns 0 to 95 of 309]
115 108 107 113 124 143 169 195 204 200 207 206 199 199 204 202 193 188 191 193 187 178 163 153 157 170 183 174 154 150 164 163 147 134 128 122 113 106 101 99 96 95 103 125 154 167 168 165 170 180 182 178 181 189 194 189 181 179 179 175 170 171 178 185 183 179 177 173 166 156 155 163 169 175 174 169 156 144 153 162 170 173 183 190 189 195 193 184 189 211 222 222 231 241 248 243
107 103 103 111 132 164 190 192 182 187 188 178 180 195 205 202 196 194 192 184 184 188 188 187 188 186 186 188 186 184 177 164 160 154 137 122 120 120 114 108 99 95 113 135 138 136 141 153 173 179 179 176 175 182 188 188 180 172 167 165 162 169 181 183 176 172 171 168 165 156 149 153 161 165 162 161 159 148 144 152 160 171 174 174 181 190 184 188 209 219 214 202 214 234 234 228
94 96 101 115 146 181 193 178 166 166 164 174 188 194 196 196 188 179 171 163 161 169 172 175 173 168 170 176 178 183 182 178 177 170 158 157 163 157 139 117 99 94 104 112 120 135 150 164 168 166 166 160 164 170 172 173 169 168 166 157 157 163 170 179 178 171 164 158 156 156 152 145 147 152 150 148 152 150 141 148 157 159 161 172 181 180 174 182 206 216 203 187 206 219 208 193
96 108 128 155 180 190 187 173 156 157 173 178 178 184 190 190 185 178 170 163 156 150 148 153 152 151 155 160 165 172 166 164 171 175 168 159 153 151 149 132 105 95 107 129 144 150 157 157 151 153 152 152 158 158 158 156 153 158 167 157 150 160 172 175 174 171 164 156 155 152 151 148 142 139 138 137 141 142 136 139 142 148 155 162 163 167 179 197 206 210 193 177 193 192 177 178
118 142 170 187 191 187 176 167 157 150 157 167 177 179 178 182 181 175 169 164 158 152 147 145 140 132 134 149 162 156 149 157 169 171 167 162 149 131 123 122 107 96 112 132 137 144 145 139 140 144 140 148 152 147 144 141 148 160 162 149 152 162 160 161 161 159 155 148 148 149 147 143 143 145 145 144 140 134 133 142 148 151 152 158 169 177 185 195 196 196 190 172 180 181 165 170
134 169 188 190 182 174 169 165 157 147 160 170 165 163 172 180 180 176 170 165 165 167 166 158 143 131 129 138 140 132 137 151 155 155 154 158 156 149 138 126 112 97 97 112 130 137 129 124 128 130 138 144 143 137 132 139 152 161 155 143 145 148 152 158 158 153 148 145 140 138 136 136 135 141 144 143 140 136 130 136 149 164 171 174 179 178 174 178 183 179 176 165 173 176 161 159
177 185 186 186 183 174 166 155 152 143 143 150 158 170 175 171 168 173 177 173 167 160 152 147 150 152 145 134 128 123 120 124 135 140 144 146 140 135 135 134 116 95 94 107 118 117 117 124 129 130 130 129 127 127 134 143 153 158 152 140 135 141 149 151 153 154 153 147 144 141 137 134 131 134 133 128 125 125 127 133 145 158 159 159 167 167 164 164 165 162 157 149 153 157 150 144
170 168 171 178 177 173 169 156 141 137 153 162 163 159 157 160 168 174 174 166 159 155 160 161 156 149 142 138 134 128 123 116 115 119 125 121 117 113 110 106 97 91 94 105 117 123 126 121 114 118 123 127 132 136 143 150 155 154 150 144 137 132 136 144 153 157 156 153 147 141 139 136 129 126 126 123 122 131 139 143 146 147 144 147 155 153 152 154 154 151 147 145 139 143 151 142
154 161 170 174 170 164 164 157 142 140 151 147 145 148 154 160 166 170 171 175 172 166 166 161 153 149 150 147 140 137 139 130 119 112 110 109 113 117 120 122 120 112 98 93 104 109 109 109 119 130 130 128 130 134 141 146 147 145 140 136 130 131 139 150 162 168 161 148 140 137 136 132 128 127 127 123 122 131 141 149 149 143 139 136 136 135 133 132 130 128 132 138 135 134 141 135
151 163 168 165 160 156 152 149 135 130 133 136 140 144 149 152 155 158 167 176 176 175 167 161 159 159 155 149 147 145 136 131 128 130 134 132 134 133 130 127 125 117 100 94 104 112 116 121 121 116 113 119 127 134 135 134 136 139 136 132 125 126 132 142 154 162 162 158 155 151 146 142 139 134 126 121 121 131 146 158 152 144 140 136 133 133 132 130 128 127 129 129 126 132 132 126
147 156 163 158 149 146 143 143 135 123 123 131 137 142 147 150 154 161 164 162 163 163 156 153 150 147 148 149 152 152 151 150 146 143 137 131 124 118 114 110 107 105 98 91 92 100 105 105 103 105 110 116 120 122 124 129 134 135 130 125 119 122 130 140 151 163 173 182 192 191 174 158 145 135 128 121 120 129 147 170 163 149 141 134 131 130 129 131 131 129 123 121 119 119 117 116
143 152 153 153 143 134 130 128 123 122 129 135 139 143 151 160 165 163 154 150 154 151 147 151 150 141 134 136 138 144 151 150 146 143 137 130 127 125 119 112 110 110 110 101 91 89 96 102 110 118 123 125 126 128 133 136 138 135 126 121 116 120 132 141 149 155 162 176 205 207 182 155 142 135 127 121 116 120 136 155 152 141 137 136 136 132 129 127 124 124 127 126 123 121 124 123
129 136 144 150 149 144 137 130 121 122 136 141 145 148 150 153 158 158 151 143 143 140 137 140 139 138 134 127 131 141 143 139 135 136 135 136 135 132 129 129 129 129 126 110 91 90 92 99 106 108 112 118 125 128 128 132 135 128 118 113 115 123 131 138 144 151 154 160 179 180 167 156 147 137 131 122 115 123 141 155 145 132 128 130 130 125 121 119 117 120 122 122 120 118 116 115
121 127 135 138 140 140 135 125 116 119 128 137 141 138 140 144 145 151 153 145 137 132 128 125 123 124 123 118 121 130 133 129 128 123 122 127 130 129 123 121 118 118 119 107 90 85 86 94 107 116 124 130 131 124 122 127 134 129 116 109 114 122 130 136 140 147 150 144 141 144 149 157 147 131 124 117 114 123 145 154 144 136 127 121 120 121 121 116 111 112 113 116 118 118 115 113
118 116 121 127 131 129 128 118 110 118 130 134 128 126 129 135 146 147 140 139 144 143 140 136 134 131 128 124 118 116 115 113 113 112 110 118 125 123 114 106 102 107 108 96 86 84 87 102 114 118 123 124 122 118 120 128 134 130 119 109 109 117 121 123 129 140 148 142 133 134 146 161 152 130 118 113 116 129 148 153 142 135 133 126 116 114 113 112 111 106 104 105 107 109 113 113
122 116 112 117 120 118 119 114 111 123 124 118 119 126 136 142 139 132 126 131 138 135 131 129 126 129 131 129 122 115 115 116 115 109 106 114 114 106 97 93 93 92 90 88 87 86 85 93 103 108 110 114 118 114 112 116 124 129 123 115 106 106 110 115 121 131 145 151 138 128 127 134 134 124 117 113 121 144 169 166 145 133 126 118 114 112 105 104 106 106 102 98 97 101 106 110
126 122 114 109 108 106 105 106 115 117 114 119 128 134 139 138 129 119 119 124 123 120 118 117 121 125 128 127 125 123 121 119 114 106 101 101 100 102 101 101 108 107 103 104 106 99 87 85 94 102 109 112 109 106 103 107 118 127 128 118 105 102 104 107 111 119 134 151 148 131 120 116 115 114 113 113 124 153 182 181 171 158 140 131 124 115 108 103 99 99 101 99 94 93 97 100
132 129 124 119 116 111 104 104 110 109 117 122 128 134 134 127 118 110 109 109 111 115 119 123 125 124 123 124 126 119 113 110 107 108 112 112 111 108 103 104 109 115 119 116 107 94 84 90 99 101 98 94 94 98 101 106 112 119 124 118 108 103 100 98 103 109 115 131 145 141 129 124 127 125 114 114 132 169 183 172 159 152 153 144 126 114 109 106 102 97 95 98 98 91 89 93
119 118 116 114 109 107 106 102 100 110 116 117 128 132 128 120 114 105 104 111 115 116 117 117 116 117 120 123 124 120 116 114 118 120 116 110 105 105 109 115 119 120 115 107 102 96 86 84 88 87 90 97 100 102 105 109 115 123 132 129 121 116 107 99 95 99 106 115 125 131 123 115 114 110 108 122 156 182 181 172 155 140 129 124 116 110 107 102 97 93 92 91 93 89 85 89
133 132 124 116 121 123 116 108 101 100 107 117 124 123 119 108 100 103 109 111 113 113 114 117 119 121 123 125 129 130 125 125 126 119 112 110 111 112 113 119 123 118 112 106 99 96 96 88 80 82 89 103 113 114 115 117 123 131 128 120 118 115 105 94 91 96 106 116 127 133 126 118 114 108 111 128 162 173 160 150 147 147 140 129 122 121 115 106 99 96 92 88 88 85 82 83
130 125 121 127 135 133 126 118 105 97 98 102 113 111 102 97 104 113 116 118 118 118 118 116 113 113 118 126 134 137 134 131 126 121 116 116 119 119 118 120 125 121 114 110 110 111 106 92 82 82 91 102 107 112 118 124 132 131 118 108 102 98 93 90 95 102 109 114 116 118 116 112 109 103 103 116 148 163 154 142 132 124 122 116 112 111 113 112 106 100 96 92 90 89 87 82
130 131 133 134 132 131 128 122 114 108 101 96 106 106 95 95 103 110 112 111 113 113 109 105 108 113 118 124 127 124 121 121 125 125 125 127 129 129 130 133 135 129 120 112 104 99 93 84 79 82 90 95 103 107 106 112 122 120 113 107 101 95 89 90 96 101 105 115 126 128 122 115 110 104 101 108 124 150 160 148 135 125 119 114 109 105 101 99 98 96 93 89 88 85 82 78
136 132 128 121 116 114 120 125 126 123 114 102 95 95 95 91 96 100 102 108 108 103 99 101 105 110 117 123 120 113 110 114 117 116 117 123 129 134 137 140 140 129 112 103 99 95 90 82 77 77 79 84 91 97 107 113 108 102 97 91 88 89 93 98 104 110 116 134 142 130 120 114 110 107 103 100 103 119 142 156 147 128 114 108 104 100 98 95 92 92 87 85 83 82 91 91
125 120 118 119 119 112 106 107 111 113 117 119 116 114 107 94 89 89 89 93 97 101 106 108 110 113 119 120 113 105 105 108 111 111 109 112 116 124 128 127 127 128 121 112 103 97 90 86 84 82 79 79 91 101 101 98 93 87 85 84 89 97 105 111 116 123 134 155 157 139 125 118 112 109 104 99 105 120 140 143 130 123 119 114 109 102 97 95 93 93 92 90 86 88 97 97
130 131 129 124 119 116 111 105 104 100 98 98 97 95 93 93 93 92 88 99 109 109 106 104 104 107 112 112 107 101 102 106 109 107 104 107 116 123 122 115 113 123 129 123 115 108 99 93 88 85 80 77 83 87 84 81 82 87 89 92 99 105 112 123 139 158 171 166 143 131 128 120 109 102 99 98 105 115 135 151 146 138 129 119 112 108 104 100 97 95 91 90 91 90 90 88
136 131 127 125 120 115 114 116 114 110 103 105 109 109 106 99 91 84 88 101 102 97 100 106 108 107 104 100 98 101 106 110 111 108 104 102 106 110 108 104 105 112 118 125 127 116 100 87 79 79 78 76 77 80 83 85 91 98 101 102 105 112 128 152 161 153 150 141 127 116 113 111 107 100 97 102 109 116 128 144 142 126 116 112 107 106 106 101 96 94 94 95 93 89 87 87
135 130 124 122 120 124 128 129 127 119 115 118 111 104 102 102 100 90 84 88 91 101 106 104 99 94 95 100 106 111 112 112 113 106 100 96 98 98 96 96 101 107 112 114 113 104 94 78 72 75 76 77 82 92 98 96 96 101 108 115 123 135 151 155 140 128 124 120 114 108 105 103 100 97 95 104 108 112 119 131 143 136 119 111 107 105 104 101 99 96 95 96 95 93 88 86
138 138 138 133 130 137 137 129 123 122 122 116 114 119 120 116 107 99 92 84 84 90 91 88 92 99 103 102 100 100 102 105 110 108 103 100 97 93 90 94 101 107 105 100 97 92 89 82 75 79 89 97 104 108 108 107 108 110 111 116 135 167 173 155 138 130 126 118 113 111 110 106 99 95 95 100 103 107 115 129 143 134 119 114 117 122 116 104 99 94 91 90 90 92 93 93
154 150 140 138 141 137 130 130 132 128 127 128 127 123 119 118 117 115 113 105 92 81 82 92 96 95 94 97 100 105 110 113 111 107 102 99 96 92 89 95 105 105 99 92 90 85 79 77 74 77 82 88 93 94 96 103 112 125 138 149 157 162 160 150 139 132 131 121 110 104 99 96 94 99 106 108 110 112 117 120 121 122 123 130 143 144 122 109 103 100 97 96 95 96 100 99
155 157 154 151 148 141 138 141 139 138 135 127 119 109 101 98 95 94 98 104 98 85 77 81 90 94 96 98 102 108 113 111 107 107 107 103 97 92 89 98 107 107 99 90 89 83 75 74 78 85 86 87 88 88 90 96 105 116 133 145 138 131 126 121 116 113 114 115 112 106 95 90 95 100 102 102 102 103 104 105 106 110 119 130 137 128 113 108 105 102 99 94 93 94 95 95
144 151 157 159 156 155 155 152 142 130 119 112 112 115 115 110 101 92 86 85 81 75 78 87 97 104 106 106 108 108 103 99 98 103 104 99 93 88 87 97 105 100 83 75 78 78 72 72 75 83 93 100 102 99 96 96 103 112 126 134 125 119 114 109 106 102 100 101 104 104 100 92 89 93 98 100 101 102 103 105 109 112 114 116 121 119 111 106 102 100 99 98 99 101 101 101
126 137 149 146 142 145 150 143 128 121 124 128 125 119 114 113 115 114 103 91 79 80 95 107 110 110 113 115 112 106 101 95 92 94 97 97 96 91 85 96 101 81 67 69 71 70 68 67 70 83 100 109 111 108 107 108 112 120 128 132 128 122 117 112 106 101 99 96 94 93 88 88 91 94 97 100 101 103 106 108 110 114 118 116 118 119 115 109 105 104 102 101 101 100 102 102
133 143 137 126 127 136 151 150 140 139 138 134 132 130 125 117 113 108 95 82 75 82 97 106 115 122 122 115 106 100 97 95 93 90 85 84 87 83 89 106 101 80 67 71 82 89 87 84 88 98 105 111 117 122 124 124 123 121 119 117 115 115 113 111 108 105 102 99 92 88 94 100 100 99 99 103 106 103 104 109 115 121 123 120 120 121 118 111 106 102 99 96 94 93 91 93
131 132 121 117 127 141 152 154 154 154 151 140 129 123 120 116 107 98 90 83 75 79 93 102 113 122 122 115 110 110 110 109 106 99 92 84 79 82 101 107 90 75 67 70 77 82 86 93 96 101 103 104 109 115 116 116 115 113 113 112 109 106 107 106 102 104 102 92 88 86 92 99 103 107 106 104 107 111 109 113 122 124 116 107 104 105 103 102 101 99 96 95 92 88 86 89
110 115 108 114 129 139 137 133 136 147 148 128 113 108 103 100 103 102 92 78 75 92 113 120 127 133 132 129 124 117 111 107 104 102 101 96 84 85 100 95 74 65 70 86 98 99 96 93 92 94 96 97 101 106 112 116 114 111 112 113 109 104 104 103 93 89 88 82 83 88 91 93 95 100 106 109 107 111 115 120 131 123 105 98 93 92 91 91 90 89 88 89 90 88 84 83
89 96 109 128 139 134 122 127 139 142 141 136 125 113 102 94 89 86 78 72 85 105 111 117 129 139 138 132 127 125 121 115 109 103 99 97 88 79 85 86 70 67 84 97 101 102 103 107 111 111 111 110 113 116 118 117 114 109 108 110 104 98 104 108 96 82 86 90 95 101 105 106 104 107 115 117 115 114 115 121 134 130 111 100 94 91 87 83 82 80 81 86 88 86 81 79
98 122 130 132 131 126 116 115 118 114 118 131 128 120 115 107 103 93 75 71 86 95 104 122 132 133 129 124 119 119 122 120 113 105 99 104 112 103 91 87 78 70 83 91 94 97 102 109 112 116 119 121 120 117 113 112 109 104 104 106 106 99 91 84 81 84 95 105 107 108 109 112 116 121 129 137 132 127 128 130 137 130 114 103 96 90 84 80 78 77 79 82 83 83 78 76
87 104 107 105 106 113 116 106 96 105 123 134 136 134 129 120 106 91 75 70 88 116 130 136 133 127 121 118 111 106 113 118 118 114 106 97 96 98 93 89 73 67 84 101 106 104 102 103 107 114 117 115 111 109 108 108 109 106 100 96 98 89 80 76 86 99 100 100 102 104 105 109 119 133 147 156 155 152 147 139 124 109 100 94 90 89 87 86 82 78 75 75 74 73 72 76
72 73 74 74 75 80 88 91 91 104 111 113 112 110 111 113 105 83 70 79 101 116 128 141 139 127 118 111 106 103 102 103 109 119 125 120 102 84 72 66 64 73 86 92 97 99 103 108 111 109 105 102 101 103 102 102 105 107 103 94 84 75 79 91 94 94 96 98 96 99 104 108 113 118 125 137 153 162 160 146 130 119 117 113 109 107 101 92 85 82 82 81 79 73 67 68
74 72 71 71 70 69 68 69 73 79 85 88 89 89 90 94 95 82 70 81 93 105 125 141 144 138 129 122 122 124 122 115 106 94 94 94 81 67 63 71 91 111 121 125 124 117 116 116 109 104 99 96 92 93 95 93 94 96 93 88 77 74 83 95 103 108 108 106 103 101 100 103 107 112 123 139 152 154 158 166 166 153 132 123 120 119 113 97 87 82 80 77 73 68 63 62
110 103 92 97 93 90 84 74 69 66 65 65 65 64 64 65 66 66 64 78 95 107 119 128 136 140 138 134 132 130 127 130 132 125 112 99 86 67 62 73 94 113 123 128 130 129 123 112 102 94 90 86 82 84 86 87 91 85 75 70 72 87 98 102 103 105 106 105 104 105 105 103 110 124 140 152 155 147 148 157 155 147 123 102 94 90 91 93 88 81 78 76 75 75 72 67
118 106 108 114 119 131 132 118 102 90 82 81 84 77 78 78 72 64 62 70 81 88 96 108 113 114 114 116 124 130 124 113 108 110 106 86 68 63 63 78 107 118 118 117 119 125 126 117 106 101 98 93 87 80 79 85 84 74 69 75 81 88 94 97 100 102 103 105 107 109 109 114 127 138 146 151 152 144 137 139 137 136 123 104 91 84 79 80 81 79 77 76 76 74 70 66
132 135 157 164 159 147 131 110 103 111 119 125 105 100 114 120 108 89 73 64 62 63 69 78 84 95 111 127 137 135 126 118 108 93 82 68 58 61 74 98 113 111 106 107 107 111 116 113 104 96 90 85 83 82 79 74 67 69 78 85 87 88 88 90 93 94 95 97 104 118 125 124 126 128 131 136 141 139 128 124 131 132 120 107 95 86 80 76 75 73 70 68 67 66 70 73
179 181 186 179 164 155 142 131 140 155 149 125 109 124 156 165 158 142 120 99 81 70 63 68 94 120 130 132 142 148 141 129 121 112 102 90 74 60 64 91 103 95 92 94 99 102 103 103 100 92 84 79 74 69 65 63 63 67 74 77 77 80 85 92 100 108 111 111 113 117 116 115 116 119 117 120 131 131 123 117 126 130 116 104 104 99 89 83 78 77 75 75 74 75 78 77
194 197 197 194 190 181 172 171 168 161 142 136 151 160 167 155 140 128 113 96 89 80 64 61 76 96 107 123 134 139 139 135 129 118 101 80 65 59 68 92 92 87 92 96 95 93 93 93 89 82 73 70 70 64 60 64 71 75 79 82 82 83 93 109 127 141 140 128 118 111 112 123 115 103 101 108 117 115 111 120 141 151 145 139 123 101 90 84 84 85 83 81 79 78 77 75
168 169 179 179 179 183 184 181 177 174 170 164 170 167 159 147 142 136 132 128 114 86 66 58 62 77 97 113 129 135 132 127 125 121 102 69 57 67 84 84 86 95 98 92 85 83 84 82 79 75 71 65 60 58 61 68 77 85 92 96 93 91 99 123 147 145 136 129 120 109 112 118 107 96 94 97 102 108 121 139 152 152 159 157 144 122 109 105 105 112 111 100 90 84 78 73
139 135 140 141 145 148 149 165 173 173 174 175 176 176 173 169 164 153 135 116 102 98 84 63 58 67 86 114 128 123 118 114 119 121 106 79 59 61 76 89 91 87 83 78 76 74 74 77 80 79 74 65 57 60 69 74 79 90 110 128 131 131 135 148 158 144 127 116 106 102 114 116 101 93 96 104 114 129 146 148 145 143 146 147 156 144 130 131 136 120 97 81 74 70 66 66
140 129 118 111 113 114 120 139 157 163 163 158 159 163 165 168 168 165 163 160 153 138 107 80 62 58 70 91 96 97 115 126 132 130 121 106 79 58 67 79 74 68 65 67 69 72 76 77 73 66 64 60 55 60 67 72 80 101 125 134 128 124 130 140 144 135 119 104 94 97 107 101 92 95 108 128 146 156 156 149 140 128 124 129 140 133 115 110 122 135 125 98 77 68 63 58
